000000906
040050000
060908050
086007009
007102500
500300820
050209010
000030090
603000000

53 Open Squares

000000906
040050000
060908050
086047009
007102500
500300820
050209010
000030090
603000000

52 Open Squares

000000906
040050000
060908050
086547039
007102500
500306820
050209010
000030090
603000000

49 Open Squares

000000906
040050000
060908050
086547139
007102504
500396820
050209010
000030090
603000000

46 Open Squares

000000906
040050000
060908050
286547139
007182564
510396827
050209010
000030090
603000000

41 Open Squares

000000906
040050000
060908050
286547139
007182564
514396827
050209010
000030090
603000000

40 Open Squares

000000906
040050000
060908050
286547139
007182564
514396827
058209010
000030090
603000000

39 Open Squares

000000906
040050000
060908050
286547139
007182564
514396827
058209013
000030090
603000000

38 Open Squares

000000906
040050000
060908050
286547139
007182564
514396827
058209013
000030090
603000000

38 Open Squares

I'm too stupid to solve this
