204570090
000010000
097000200
060000001
030264050
400000070
003000180
000040000
070098602

54 Open Squares

204570090
000010000
097000200
060000001
030264050
400000070
003000180
000040030
070098602

53 Open Squares

204570090
000010000
097000200
060000001
030264050
400000070
003000180
000040030
070098642

52 Open Squares

204570090
000010060
097000200
060000021
030264050
400000070
003000180
000040030
070098642

50 Open Squares

204570090
000010060
097000210
060000021
030264050
400000070
003000180
000040030
070098642

49 Open Squares

204570090
000010060
097000210
060000021
030264050
400000070
003000180
000040030
070098642

49 Open Squares

I'm too stupid to solve this
